{
 "cells": [
  {
   "cell_type": "code",
   "execution_count": 1,
   "metadata": {},
   "outputs": [],
   "source": [
    "import numpy as np\n",
    "import torch\n",
    "import functools\n",
    "import time\n",
    "import matplotlib.pyplot as plt"
   ]
  },
  {
   "cell_type": "code",
   "execution_count": 2,
   "metadata": {},
   "outputs": [],
   "source": [
    "def poly(*a):\n",
    "    \"\"\"\n",
    "    :param a: a list of coefficients starting with the coefficient of the highest degree down to 0.\n",
    "    :return: same as numpy.poly1d(a)\n",
    "    \"\"\"\n",
    "    return np.poly1d(a)\n",
    "\n",
    "def NOISY(noise):\n",
    "    def decorate(function):\n",
    "        def wrapper(*args, **kwargs):\n",
    "            result = function(*args, **kwargs)\n",
    "            result+=np.random.randn()*noise\n",
    "            return result\n",
    "        return wrapper\n",
    "    return decorate"
   ]
  },
  {
   "cell_type": "code",
   "execution_count": 3,
   "metadata": {},
   "outputs": [],
   "source": [
    "def find_roots(p: np.poly1d, start, end, maxerr=0.001):\n",
    "    global base_poly_roots_finders\n",
    "    coefs = p.coefficients\n",
    "    d = p.order\n",
    "    if d < len(base_poly_roots_finders):\n",
    "        return base_poly_roots_finders[d](start, end, *coefs)\n",
    "    dp_roots = find_roots(np.polyder(p), start, end)\n",
    "    return find_roots_from_der_roots(p, start, dp_roots, end, maxerr)\n",
    "\n",
    "def _find_roots_poly_constant(start, end, constant):\n",
    "    if constant == 0:\n",
    "        raise Exception(\"Zero polynomial has infinite amount roots\")\n",
    "    return []\n",
    "def _find_roots_poly_linear_line(start, end, slope, constant):\n",
    "    if slope == 0:\n",
    "        return _find_roots_poly_constant(start, end, constant)\n",
    "    root = (-constant) / slope\n",
    "    return _roots_list(start, end, root)\n",
    "def _find_roots_poly_quadratic(start, end, a, b, c):\n",
    "    if a == 0:\n",
    "        return _find_roots_poly_linear_line(start, end, b ,c)\n",
    "    return _find_roots_poly_quadratic_core(a, b, c, end, start)\n",
    "\n",
    "def _find_roots_poly_quadratic_core(a, b, c, end, start):\n",
    "    delta = (b ** 2) - 4 * a * c\n",
    "    if delta < 0:\n",
    "        return []\n",
    "    elif delta == 0:\n",
    "        root = -b / (2 * a)\n",
    "        return _roots_list(start, end, root)\n",
    "    else:\n",
    "        return _find_roots_poly_quadratic_2_roots(a, b, delta, end, start)\n",
    "\n",
    "def _find_roots_poly_quadratic_2_roots(a, b, delta, end, start):\n",
    "    delta = np.sqrt(delta)\n",
    "    root0 = (-b + delta) / (2 * a)\n",
    "    root1 = (-b - delta) / (2 * a)\n",
    "    root0, root1 = min(root0, root1), max(root0, root1)\n",
    "    return _roots_list(end, start, root0, root1)\n",
    "\n",
    "\n",
    "base_poly_roots_finders = [\n",
    "    _find_roots_poly_constant,\n",
    "    _find_roots_poly_linear_line,\n",
    "    _find_roots_poly_quadratic\n",
    "]\n",
    "\n",
    "def _roots_list(end, start, *roots):\n",
    "    return [root for root in roots if start <= root <= end]\n",
    "\n",
    "def find_poly_roots(p, a, dp_roots, b, maxerr):\n",
    "    roots = []\n",
    "\n",
    "    prev_a = a\n",
    "    p_prev_a = p(a)\n",
    "    if is_root(p_prev_a, maxerr):\n",
    "        roots.append(prev_a)\n",
    "\n",
    "    for i in range(len(dp_roots)):\n",
    "        dpr = dp_roots[i]\n",
    "        p_dpr = p(dpr)\n",
    "        if is_root(p_dpr, maxerr):\n",
    "            roots.append(dpr)\n",
    "        elif (p_prev_a < 0) != (p_dpr < 0):\n",
    "            roots.append(regula_falsi(p, prev_a, dpr, maxerr))\n",
    "        else:\n",
    "            pass\n",
    "        prev_a = dpr\n",
    "        p_prev_a = p_dpr\n",
    "\n",
    "    p_b = p(b)\n",
    "    if is_root(p_b, maxerr):\n",
    "        roots.append(b)\n",
    "    elif (p_prev_a < 0) != (p_b < 0):\n",
    "        roots.append(regula_falsi(p, prev_a, b, maxerr))\n",
    "    else:\n",
    "        pass\n",
    "    return roots\n",
    "\n",
    "def is_root(y, maxerr):\n",
    "    return abs(y) <= maxerr\n",
    "\n",
    "def regula_falsi(f, a, b, maxerr):\n",
    "    c = b\n",
    "    fc = fb = f(b)\n",
    "    while not is_root(fc, maxerr):\n",
    "        c = b - fb * ((b - a) / (fb - f(a)))\n",
    "        fc = f(c)\n",
    "        if (fc < 0) != (fb < 0):\n",
    "            a = c\n",
    "        else:\n",
    "            b = c\n",
    "            fb = fc\n",
    "    return c\n",
    "\n",
    "\n",
    "def poly_to_string(p):\n",
    "    coefficients = p.coefficients\n",
    "    highest = coefficients[0]\n",
    "    n = p.order\n",
    "\n",
    "    s = \"\"\n",
    "    if highest == -1:\n",
    "        s += \"-\"\n",
    "    elif highest == 1:\n",
    "        pass\n",
    "    else:\n",
    "        s += str(highest)\n",
    "    if n >= 10:\n",
    "        s += f\"x^{{{n}}}\"\n",
    "    elif n > 1:\n",
    "        s += f\"x^{n}\"\n",
    "    elif n == 1:\n",
    "        s += \"x\"\n",
    "    for k in range(1, n - 1):\n",
    "        coef_string = coef_to_string(coefficients[k])\n",
    "        if coef_string == \"\":\n",
    "            continue\n",
    "        s += f\"{coef_string}x^{n-k}\"\n",
    "\n",
    "    if n > 1:\n",
    "        coef_string = coef_to_string(coefficients[n - 1])\n",
    "        if coef_string != \"\":\n",
    "            s += f\"{coef_string}x\"\n",
    "    if n > 0:\n",
    "        coef = coefficients[n]\n",
    "        s += f\" {'-' if coef < 0 else '+'} {abs(coef)}\"\n",
    "    return s\n",
    "\n",
    "\n",
    "def coef_to_string(coef):\n",
    "    s = \"\"\n",
    "    if coef != 0:\n",
    "        s += f\" {'-' if coef < 0 else '+'} \"\n",
    "        if abs(coef) != 1:\n",
    "            s += str(abs(coef))\n",
    "    return s"
   ]
  },
  {
   "cell_type": "code",
   "execution_count": 4,
   "metadata": {},
   "outputs": [],
   "source": [
    "def euclidean_distance(x1, y1, x2, y2):\n",
    "    return np.sqrt(((x1 - x2) ** 2) + ((y1 - y2) ** 2))\n",
    "\n",
    "def convert_torch_to_numpy(l):\n",
    "    return [np.float64(x) for x in l]\n",
    "\n",
    "class Assignment4A:\n",
    "    def __init__(self):\n",
    "        \"\"\"\n",
    "        Here goes any one time calculation that need to be made before \n",
    "        solving the assignment for specific functions. \n",
    "        \"\"\"\n",
    "        self.Ms = [self.build_M(d) for d in range(13)]\n",
    "\n",
    "    def fit(self, f: callable, a: float, b: float, d:int, maxtime: float) -> callable:\n",
    "        \"\"\"\n",
    "        Build a function that accurately fits the noisy data points sampled from\n",
    "        some closed shape. \n",
    "        \n",
    "        Parameters\n",
    "        ----------\n",
    "        f : callable. \n",
    "            A function which returns an approximate (noisy) Y value given X. \n",
    "        a: float\n",
    "            Start of the fitting range\n",
    "        b: float\n",
    "            End of the fitting range\n",
    "        d: int \n",
    "            The expected degree of a polynomial matching f\n",
    "        maxtime : float\n",
    "            This function returns after at most maxtime seconds. \n",
    "\n",
    "        Returns\n",
    "        -------\n",
    "        a function:float->float that fits f between a and b\n",
    "        \"\"\"\n",
    "        start_time = time.time()\n",
    "        n = 10\n",
    "        M = self.Ms[d] if d < len(self.Ms) else self.build_M(d)\n",
    "        fit_func = self.fit_core(f, a, b, n, d, M)\n",
    "\n",
    "#         fit_func_in_thread = None\n",
    "#         def run_fit_core():\n",
    "#             nonlocal fit_func_in_thread\n",
    "#             fit_func_in_thread = self.fit_core(f, a, b, int(n), d, M)\n",
    "\n",
    "#         n = (b - a) * 1000\n",
    "#         in_slow_start = True\n",
    "#         slow_start_threshold = (b - a) * d * 1000\n",
    "#         time_left = maxtime - (time.time() - start_time)\n",
    "#         while time_left > 0:\n",
    "#             fit_thread = threading.Thread(target=run_fit_core)\n",
    "#             fit_thread.setDaemon(True)\n",
    "#             fit_thread.setName(\"4A Fitting\")\n",
    "\n",
    "#             fit_thread.start()\n",
    "#             time_left = maxtime - (time.time() - start_time)\n",
    "#             fit_thread.join(time_left - 0.02)\n",
    "#             if fit_thread.is_alive():\n",
    "#                 return fit_func\n",
    "#             else:\n",
    "#                 fit_func = fit_func_in_thread\n",
    "\n",
    "#             if in_slow_start:\n",
    "#                 n_temp = n * 2.5\n",
    "#                 if n_temp > slow_start_threshold:\n",
    "#                     in_slow_start = False\n",
    "#                     n = min(n_temp, slow_start_threshold + 1000)\n",
    "#             else:\n",
    "#                 n += 2000\n",
    "#             time_left = maxtime - (time.time() - start_time)\n",
    "\n",
    "        return fit_func\n",
    "\n",
    "    def fit_core(self, f: callable, a: float, b: float, n: int, d: int, M):\n",
    "        #x_samples = np.concatenate([[a], (np.random.random(n - 2) * (b - a)) + a, [b]])\n",
    "        #x_samples.sort()\n",
    "        x_samples = torch.linspace(a, b, n, dtype=torch.float64)\n",
    "        y_samples = torch.from_numpy(f(x_samples))\n",
    "\n",
    "        dis = [0] * n\n",
    "        def sum_d(acc, i):\n",
    "            d = acc + euclidean_distance(x_samples[i], y_samples[i], x_samples[i - 1], y_samples[i - 1])\n",
    "            dis[i] = d\n",
    "            return d\n",
    "        d_total = functools.reduce(sum_d, range(1, n), 0)\n",
    "\n",
    "        t_dis = torch.tensor([dis[i] / d_total for i in range(n)], dtype=torch.float64)\n",
    "        print(f\"M: {M.size()}\\n{M}\\n\")\n",
    "        P = torch.stack([x_samples, y_samples]).T\n",
    "        print(f\"P: {P.size()}\\n{P}\\n\")\n",
    "        print(f\"d total: {d_total}, dis: {dis}\")\n",
    "        print(f\"t_dis: {t_dis}\\n\")\n",
    "        \n",
    "        T = torch.stack([t_dis ** k for k in range(d, -1, -1)]).T\n",
    "        print(f\"T: {T.size()}\\n{T}\\n\")\n",
    "        C = M.inverse().mm((T.T.mm(T)).inverse()).mm(T.T).mm(P)\n",
    "        print(f\"C: {C.size()}\\n{C}\\n\")\n",
    "        bezier_curve = M.mm(C).T\n",
    "        T2 = T.T\n",
    "        print(f\"T^T: {T2}\")\n",
    "        T2 = T2.mm(T)\n",
    "        print(f\"T^T * T: {T2}\")\n",
    "        T2 = T2.inverse()\n",
    "        print(f\"(T^T * T)^-1: {T2}\")\n",
    "        T3 = T.T\n",
    "        print(f\"T^T: {T3}\")\n",
    "        T2 = T2.mm(T3)\n",
    "        print(f\"((T^T * T)^-1) * T^T: {T2}\")\n",
    "        T2 = T2.mm(P)\n",
    "        print(f\"B^T: {T2}\")\n",
    "        T2 = T2.T\n",
    "        print(f\"B: {T2}\")\n",
    "        bezier_x_poly = np.poly1d(convert_torch_to_numpy(bezier_curve[0]))\n",
    "        bezier_y_poly = np.poly1d(convert_torch_to_numpy(bezier_curve[1]))\n",
    "        print(f\"Bezier: {bezier_curve.size()}\\n{bezier_curve}\\n\")\n",
    "\n",
    "        def find_t(x):\n",
    "#             if x == a:\n",
    "#                 t = 0\n",
    "#                 #print(f\"matched x={x} with t={t}\")\n",
    "#             elif x == b:\n",
    "#                 t = 1\n",
    "#                 #print(f\"matched x={x} with t={t}\")\n",
    "#             else:\n",
    "#                 t = find_t_in_interval(x)\n",
    "            t = find_t_in_interval(x)\n",
    "            return t\n",
    "        def find_t_in_interval(x):\n",
    "            ts = [root.real for root in (bezier_x_poly - x).roots if root.imag == 0 and -0.15 < root.real < 1.1]\n",
    "            ts.sort()\n",
    "            estimated_t = (x - a) / (b - a)\n",
    "#             t = estimated_t\n",
    "            if len(ts) == 0:\n",
    "#                 t = estimated_t\n",
    "                raise Exception(f\"No t matching x={x}\")\n",
    "            elif len(ts) == 1:\n",
    "                t = ts[0]\n",
    "                #print(f\"matched x={x} with t={t}\")\n",
    "            else:\n",
    "#                 t = ts[0]\n",
    "#                 t = ts[0]\n",
    "#                 for i in range(1, len(ts)):\n",
    "#                     ti = ts[i]\n",
    "#                     if ti > estimated_t:\n",
    "#                         break\n",
    "#                     t = ti\n",
    "#                 if estimated_t <= 0.5:\n",
    "#                     t = ts[0]\n",
    "#                     for i in range(1, len(ts)):\n",
    "#                         ti = ts[i]\n",
    "#                         if ti > estimated_t:\n",
    "#                             break\n",
    "#                         t = ti\n",
    "#                 else:\n",
    "#                     t = ts[len(ts) - 1]\n",
    "#                     for i in range(len(ts) - 2, -1, -1):\n",
    "#                         ti = ts[i]\n",
    "#                         if ti < estimated_t:\n",
    "#                             break\n",
    "#                         t = ti\n",
    "                t = min(ts, key=lambda x: abs(x - estimated_t))\n",
    "                print(f\"{estimated_t}, matched x={x} with {ts}, took {t}\")\n",
    "            return t\n",
    "        def fit_func(x):\n",
    "            return bezier_y_poly(find_t(x))\n",
    "\n",
    "        return fit_func, bezier_curve, bezier_x_poly, bezier_y_poly, T, C, P, M\n",
    "\n",
    "    def build_M(self, d: int):\n",
    "        # took code from stackoverflow on how to efficiently calculate a pascal's triangle row\n",
    "        #see https://stackoverflow.com/questions/15580291/how-to-efficiently-calculate-a-row-in-pascals-triangle\n",
    "        m = d + 1\n",
    "        M = torch.zeros([m, m], dtype=torch.float64)\n",
    "\n",
    "        d_choose_i = 1\n",
    "        for control_point_index in range(m):\n",
    "            one_minus_t_power = d - control_point_index\n",
    "            power_choose_t = 1 if (d + control_point_index) % 2 == 0 else -1\n",
    "            for choose_1_amount in range(one_minus_t_power + 1):\n",
    "                M[choose_1_amount][control_point_index] = d_choose_i * power_choose_t\n",
    "                power_choose_t *= -(one_minus_t_power - choose_1_amount) / (choose_1_amount + 1)\n",
    "            d_choose_i *= (d - control_point_index) / (control_point_index + 1)\n",
    "        return M"
   ]
  },
  {
   "cell_type": "code",
   "execution_count": 7,
   "metadata": {},
   "outputs": [
    {
     "name": "stdout",
     "output_type": "stream",
     "text": [
      "M: torch.Size([11, 11])\n",
      "tensor([[ 1.0000e+00, -1.0000e+01,  4.5000e+01, -1.2000e+02,  2.1000e+02,\n",
      "         -2.5200e+02,  2.1000e+02, -1.2000e+02,  4.5000e+01, -1.0000e+01,\n",
      "          1.0000e+00],\n",
      "        [-1.0000e+01,  9.0000e+01, -3.6000e+02,  8.4000e+02, -1.2600e+03,\n",
      "          1.2600e+03, -8.4000e+02,  3.6000e+02, -9.0000e+01,  1.0000e+01,\n",
      "          0.0000e+00],\n",
      "        [ 4.5000e+01, -3.6000e+02,  1.2600e+03, -2.5200e+03,  3.1500e+03,\n",
      "         -2.5200e+03,  1.2600e+03, -3.6000e+02,  4.5000e+01,  0.0000e+00,\n",
      "          0.0000e+00],\n",
      "        [-1.2000e+02,  8.4000e+02, -2.5200e+03,  4.2000e+03, -4.2000e+03,\n",
      "          2.5200e+03, -8.4000e+02,  1.2000e+02,  0.0000e+00,  0.0000e+00,\n",
      "          0.0000e+00],\n",
      "        [ 2.1000e+02, -1.2600e+03,  3.1500e+03, -4.2000e+03,  3.1500e+03,\n",
      "         -1.2600e+03,  2.1000e+02,  0.0000e+00,  0.0000e+00,  0.0000e+00,\n",
      "          0.0000e+00],\n",
      "        [-2.5200e+02,  1.2600e+03, -2.5200e+03,  2.5200e+03, -1.2600e+03,\n",
      "          2.5200e+02,  0.0000e+00,  0.0000e+00,  0.0000e+00,  0.0000e+00,\n",
      "          0.0000e+00],\n",
      "        [ 2.1000e+02, -8.4000e+02,  1.2600e+03, -8.4000e+02,  2.1000e+02,\n",
      "          0.0000e+00,  0.0000e+00,  0.0000e+00,  0.0000e+00,  0.0000e+00,\n",
      "          0.0000e+00],\n",
      "        [-1.2000e+02,  3.6000e+02, -3.6000e+02,  1.2000e+02,  0.0000e+00,\n",
      "          0.0000e+00,  0.0000e+00,  0.0000e+00,  0.0000e+00,  0.0000e+00,\n",
      "          0.0000e+00],\n",
      "        [ 4.5000e+01, -9.0000e+01,  4.5000e+01,  0.0000e+00,  0.0000e+00,\n",
      "          0.0000e+00,  0.0000e+00,  0.0000e+00,  0.0000e+00,  0.0000e+00,\n",
      "          0.0000e+00],\n",
      "        [-1.0000e+01,  1.0000e+01,  0.0000e+00,  0.0000e+00,  0.0000e+00,\n",
      "          0.0000e+00,  0.0000e+00,  0.0000e+00,  0.0000e+00,  0.0000e+00,\n",
      "          0.0000e+00],\n",
      "        [ 1.0000e+00,  0.0000e+00,  0.0000e+00,  0.0000e+00,  0.0000e+00,\n",
      "          0.0000e+00,  0.0000e+00,  0.0000e+00,  0.0000e+00,  0.0000e+00,\n",
      "          0.0000e+00]], dtype=torch.float64)\n",
      "\n",
      "P: torch.Size([10, 2])\n",
      "tensor([[-6.0000, 29.9646],\n",
      "        [-4.6667, 17.0757],\n",
      "        [-3.3333,  7.7423],\n",
      "        [-2.0000,  1.9646],\n",
      "        [-0.6667, -0.2577],\n",
      "        [ 0.6667,  1.0757],\n",
      "        [ 2.0000,  5.9646],\n",
      "        [ 3.3333, 14.4090],\n",
      "        [ 4.6667, 26.4090],\n",
      "        [ 6.0000, 41.9646]], dtype=torch.float64)\n",
      "\n",
      "d total: 74.09548863266195, dis: [0, tensor(12.9577, dtype=torch.float64), tensor(22.3858, dtype=torch.float64), tensor(28.3154, dtype=torch.float64), tensor(30.9069, dtype=torch.float64), tensor(32.7925, dtype=torch.float64), tensor(37.8600, dtype=torch.float64), tensor(46.4090, dtype=torch.float64), tensor(58.4829, dtype=torch.float64), tensor(74.0955, dtype=torch.float64)]\n",
      "t_dis: tensor([0.0000, 0.1749, 0.3021, 0.3821, 0.4171, 0.4426, 0.5110, 0.6263, 0.7893,\n",
      "        1.0000], dtype=torch.float64)\n",
      "\n",
      "T: torch.Size([10, 11])\n",
      "tensor([[0.0000e+00, 0.0000e+00, 0.0000e+00, 0.0000e+00, 0.0000e+00, 0.0000e+00,\n",
      "         0.0000e+00, 0.0000e+00, 0.0000e+00, 0.0000e+00, 1.0000e+00],\n",
      "        [2.6752e-08, 1.5297e-07, 8.7474e-07, 5.0020e-06, 2.8603e-05, 1.6356e-04,\n",
      "         9.3528e-04, 5.3482e-03, 3.0582e-02, 1.7488e-01, 1.0000e+00],\n",
      "        [6.3358e-06, 2.0971e-05, 6.9413e-05, 2.2975e-04, 7.6047e-04, 2.5171e-03,\n",
      "         8.3314e-03, 2.7577e-02, 9.1277e-02, 3.0212e-01, 1.0000e+00],\n",
      "        [6.6421e-05, 1.7381e-04, 4.5483e-04, 1.1902e-03, 3.1145e-03, 8.1499e-03,\n",
      "         2.1327e-02, 5.5807e-02, 1.4604e-01, 3.8215e-01, 1.0000e+00],\n",
      "        [1.5946e-04, 3.8228e-04, 9.1646e-04, 2.1971e-03, 5.2673e-03, 1.2628e-02,\n",
      "         3.0273e-02, 7.2576e-02, 1.7399e-01, 4.1712e-01, 1.0000e+00],\n",
      "        [2.8829e-04, 6.5140e-04, 1.4719e-03, 3.3257e-03, 7.5145e-03, 1.6979e-02,\n",
      "         3.8365e-02, 8.6686e-02, 1.9587e-01, 4.4257e-01, 1.0000e+00],\n",
      "        [1.2131e-03, 2.3741e-03, 4.6463e-03, 9.0933e-03, 1.7796e-02, 3.4829e-02,\n",
      "         6.8164e-02, 1.3340e-01, 2.6108e-01, 5.1096e-01, 1.0000e+00],\n",
      "        [9.2920e-03, 1.4835e-02, 2.3686e-02, 3.7816e-02, 6.0376e-02, 9.6395e-02,\n",
      "         1.5390e-01, 2.4572e-01, 3.9230e-01, 6.2634e-01, 1.0000e+00],\n",
      "        [9.3836e-02, 1.1889e-01, 1.5062e-01, 1.9084e-01, 2.4178e-01, 3.0633e-01,\n",
      "         3.8810e-01, 4.9171e-01, 6.2298e-01, 7.8929e-01, 1.0000e+00],\n",
      "        [1.0000e+00, 1.0000e+00, 1.0000e+00, 1.0000e+00, 1.0000e+00, 1.0000e+00,\n",
      "         1.0000e+00, 1.0000e+00, 1.0000e+00, 1.0000e+00, 1.0000e+00]],\n",
      "       dtype=torch.float64)\n",
      "\n",
      "C: torch.Size([11, 2])\n",
      "tensor([[-6.0000e+00,  2.9965e+01],\n",
      "        [ 9.5219e+01,  1.0031e+03],\n",
      "        [-3.1295e+02, -2.1932e+03],\n",
      "        [ 5.4833e+02,  2.7507e+03],\n",
      "        [-5.4835e+02, -1.6055e+03],\n",
      "        [-9.7584e+01, -1.3431e+03],\n",
      "        [ 1.4226e+03,  4.7585e+03],\n",
      "        [-2.7276e+03, -6.7229e+03],\n",
      "        [ 3.0201e+03,  6.1686e+03],\n",
      "        [-1.8248e+03, -3.3099e+03],\n",
      "        [ 9.7096e-01,  7.1760e+01]], dtype=torch.float64)\n",
      "\n",
      "T^T: tensor([[0.0000e+00, 2.6752e-08, 6.3358e-06, 6.6421e-05, 1.5946e-04, 2.8829e-04,\n",
      "         1.2131e-03, 9.2920e-03, 9.3836e-02, 1.0000e+00],\n",
      "        [0.0000e+00, 1.5297e-07, 2.0971e-05, 1.7381e-04, 3.8228e-04, 6.5140e-04,\n",
      "         2.3741e-03, 1.4835e-02, 1.1889e-01, 1.0000e+00],\n",
      "        [0.0000e+00, 8.7474e-07, 6.9413e-05, 4.5483e-04, 9.1646e-04, 1.4719e-03,\n",
      "         4.6463e-03, 2.3686e-02, 1.5062e-01, 1.0000e+00],\n",
      "        [0.0000e+00, 5.0020e-06, 2.2975e-04, 1.1902e-03, 2.1971e-03, 3.3257e-03,\n",
      "         9.0933e-03, 3.7816e-02, 1.9084e-01, 1.0000e+00],\n",
      "        [0.0000e+00, 2.8603e-05, 7.6047e-04, 3.1145e-03, 5.2673e-03, 7.5145e-03,\n",
      "         1.7796e-02, 6.0376e-02, 2.4178e-01, 1.0000e+00],\n",
      "        [0.0000e+00, 1.6356e-04, 2.5171e-03, 8.1499e-03, 1.2628e-02, 1.6979e-02,\n",
      "         3.4829e-02, 9.6395e-02, 3.0633e-01, 1.0000e+00],\n",
      "        [0.0000e+00, 9.3528e-04, 8.3314e-03, 2.1327e-02, 3.0273e-02, 3.8365e-02,\n",
      "         6.8164e-02, 1.5390e-01, 3.8810e-01, 1.0000e+00],\n",
      "        [0.0000e+00, 5.3482e-03, 2.7577e-02, 5.5807e-02, 7.2576e-02, 8.6686e-02,\n",
      "         1.3340e-01, 2.4572e-01, 4.9171e-01, 1.0000e+00],\n",
      "        [0.0000e+00, 3.0582e-02, 9.1277e-02, 1.4604e-01, 1.7399e-01, 1.9587e-01,\n",
      "         2.6108e-01, 3.9230e-01, 6.2298e-01, 1.0000e+00],\n",
      "        [0.0000e+00, 1.7488e-01, 3.0212e-01, 3.8215e-01, 4.1712e-01, 4.4257e-01,\n",
      "         5.1096e-01, 6.2634e-01, 7.8929e-01, 1.0000e+00],\n",
      "        [1.0000e+00, 1.0000e+00, 1.0000e+00, 1.0000e+00, 1.0000e+00, 1.0000e+00,\n",
      "         1.0000e+00, 1.0000e+00, 1.0000e+00, 1.0000e+00]], dtype=torch.float64)\n",
      "T^T * T: tensor([[ 1.0089,  1.0113,  1.0144,  1.0183,  1.0233,  1.0297,  1.0379,  1.0486,\n",
      "          1.0625,  1.0807,  1.1049],\n",
      "        [ 1.0113,  1.0144,  1.0183,  1.0233,  1.0297,  1.0379,  1.0486,  1.0625,\n",
      "          1.0807,  1.1049,  1.1373],\n",
      "        [ 1.0144,  1.0183,  1.0233,  1.0297,  1.0379,  1.0486,  1.0625,  1.0807,\n",
      "          1.1049,  1.1373,  1.1819],\n",
      "        [ 1.0183,  1.0233,  1.0297,  1.0379,  1.0486,  1.0625,  1.0807,  1.1049,\n",
      "          1.1373,  1.1819,  1.2447],\n",
      "        [ 1.0233,  1.0297,  1.0379,  1.0486,  1.0625,  1.0807,  1.1049,  1.1373,\n",
      "          1.1819,  1.2447,  1.3366],\n",
      "        [ 1.0297,  1.0379,  1.0486,  1.0625,  1.0807,  1.1049,  1.1373,  1.1819,\n",
      "          1.2447,  1.3366,  1.4780],\n",
      "        [ 1.0379,  1.0486,  1.0625,  1.0807,  1.1049,  1.1373,  1.1819,  1.2447,\n",
      "          1.3366,  1.4780,  1.7094],\n",
      "        [ 1.0486,  1.0625,  1.0807,  1.1049,  1.1373,  1.1819,  1.2447,  1.3366,\n",
      "          1.4780,  1.7094,  2.1188],\n",
      "        [ 1.0625,  1.0807,  1.1049,  1.1373,  1.1819,  1.2447,  1.3366,  1.4780,\n",
      "          1.7094,  2.1188,  2.9141],\n",
      "        [ 1.0807,  1.1049,  1.1373,  1.1819,  1.2447,  1.3366,  1.4780,  1.7094,\n",
      "          2.1188,  2.9141,  4.6454],\n",
      "        [ 1.1049,  1.1373,  1.1819,  1.2447,  1.3366,  1.4780,  1.7094,  2.1188,\n",
      "          2.9141,  4.6454, 10.0000]], dtype=torch.float64)\n",
      "(T^T * T)^-1: tensor([[-1.9698e+13,  1.5666e+14, -4.5891e+14,  7.0124e+14, -6.3503e+14,\n",
      "          3.5869e+14, -1.2733e+14,  2.7486e+13, -3.2745e+12,  1.6354e+11,\n",
      "          3.5512e+02],\n",
      "        [ 1.5482e+14, -8.5506e+14,  2.0184e+15, -2.6729e+15,  2.1880e+15,\n",
      "         -1.1477e+15,  3.8535e+14, -7.9723e+13,  9.1929e+12, -4.4785e+11,\n",
      "         -1.0242e+03],\n",
      "        [-4.5113e+14,  1.9995e+15, -3.8037e+15,  4.0749e+15, -2.7079e+15,\n",
      "          1.1567e+15, -3.1728e+14,  5.3836e+13, -5.1217e+12,  2.0802e+11,\n",
      "          1.1200e+03],\n",
      "        [ 6.8734e+14, -2.6279e+15,  4.0280e+15, -3.0489e+15,  1.0040e+15,\n",
      "          1.0023e+14, -2.0273e+14,  7.0038e+13, -1.0663e+13,  6.1836e+11,\n",
      "         -9.4362e+02],\n",
      "        [-6.2131e+14,  2.1383e+15, -2.6388e+15,  9.6340e+14,  8.6438e+14,\n",
      "         -1.1483e+15,  5.7312e+14, -1.4976e+14,  2.0143e+13, -1.0912e+12,\n",
      "          1.4042e+03],\n",
      "        [ 3.5051e+14, -1.1162e+15,  1.1076e+15,  1.3853e+14, -1.1622e+15,\n",
      "          1.0508e+15, -4.7197e+14,  1.1747e+14, -1.5374e+13,  8.1901e+11,\n",
      "         -1.7978e+03],\n",
      "        [-1.2432e+14,  3.7331e+14, -2.9736e+14, -2.2018e+14,  5.8156e+14,\n",
      "         -4.7395e+14,  2.0479e+14, -4.9970e+13,  6.4638e+12, -3.4179e+11,\n",
      "          1.3378e+03],\n",
      "        [ 2.6820e+13, -7.6990e+13,  4.9140e+13,  7.4410e+13, -1.5213e+14,\n",
      "          1.1821e+14, -5.0080e+13,  1.2093e+13, -1.5544e+12,  8.1861e+10,\n",
      "         -5.7575e+02],\n",
      "        [-3.1938e+12,  8.8556e+12, -4.5275e+12, -1.1237e+13,  2.0474e+13,\n",
      "         -1.5490e+13,  6.4868e+12, -1.5565e+12,  1.9932e+11, -1.0471e+10,\n",
      "          1.4228e+02],\n",
      "        [ 1.5945e+11, -4.3058e+11,  1.7707e+11,  6.4902e+11, -1.1096e+12,\n",
      "          8.2578e+11, -3.4330e+11,  8.2045e+10, -1.0481e+10,  5.4976e+08,\n",
      "         -1.8675e+01],\n",
      "        [ 3.5005e+02, -1.0209e+03,  1.1571e+03, -1.0420e+03,  1.5164e+03,\n",
      "         -1.8697e+03,  1.3657e+03, -5.8206e+02,  1.4307e+02, -1.8715e+01,\n",
      "          1.0000e+00]], dtype=torch.float64)\n",
      "T^T: tensor([[0.0000e+00, 2.6752e-08, 6.3358e-06, 6.6421e-05, 1.5946e-04, 2.8829e-04,\n",
      "         1.2131e-03, 9.2920e-03, 9.3836e-02, 1.0000e+00],\n",
      "        [0.0000e+00, 1.5297e-07, 2.0971e-05, 1.7381e-04, 3.8228e-04, 6.5140e-04,\n",
      "         2.3741e-03, 1.4835e-02, 1.1889e-01, 1.0000e+00],\n",
      "        [0.0000e+00, 8.7474e-07, 6.9413e-05, 4.5483e-04, 9.1646e-04, 1.4719e-03,\n",
      "         4.6463e-03, 2.3686e-02, 1.5062e-01, 1.0000e+00],\n",
      "        [0.0000e+00, 5.0020e-06, 2.2975e-04, 1.1902e-03, 2.1971e-03, 3.3257e-03,\n",
      "         9.0933e-03, 3.7816e-02, 1.9084e-01, 1.0000e+00],\n",
      "        [0.0000e+00, 2.8603e-05, 7.6047e-04, 3.1145e-03, 5.2673e-03, 7.5145e-03,\n",
      "         1.7796e-02, 6.0376e-02, 2.4178e-01, 1.0000e+00],\n",
      "        [0.0000e+00, 1.6356e-04, 2.5171e-03, 8.1499e-03, 1.2628e-02, 1.6979e-02,\n",
      "         3.4829e-02, 9.6395e-02, 3.0633e-01, 1.0000e+00],\n",
      "        [0.0000e+00, 9.3528e-04, 8.3314e-03, 2.1327e-02, 3.0273e-02, 3.8365e-02,\n",
      "         6.8164e-02, 1.5390e-01, 3.8810e-01, 1.0000e+00],\n",
      "        [0.0000e+00, 5.3482e-03, 2.7577e-02, 5.5807e-02, 7.2576e-02, 8.6686e-02,\n",
      "         1.3340e-01, 2.4572e-01, 4.9171e-01, 1.0000e+00],\n",
      "        [0.0000e+00, 3.0582e-02, 9.1277e-02, 1.4604e-01, 1.7399e-01, 1.9587e-01,\n",
      "         2.6108e-01, 3.9230e-01, 6.2298e-01, 1.0000e+00],\n",
      "        [0.0000e+00, 1.7488e-01, 3.0212e-01, 3.8215e-01, 4.1712e-01, 4.4257e-01,\n",
      "         5.1096e-01, 6.2634e-01, 7.8929e-01, 1.0000e+00],\n",
      "        [1.0000e+00, 1.0000e+00, 1.0000e+00, 1.0000e+00, 1.0000e+00, 1.0000e+00,\n",
      "         1.0000e+00, 1.0000e+00, 1.0000e+00, 1.0000e+00]], dtype=torch.float64)\n",
      "((T^T * T)^-1) * T^T: tensor([[ 3.5512e+02, -4.4765e+03, -4.1688e+03,  5.1581e+05, -1.6591e+06,\n",
      "          1.3732e+06, -2.4508e+05,  2.5014e+04, -1.5685e+03,  4.7625e+01],\n",
      "        [-1.0242e+03,  1.3245e+04, -1.4636e+04, -1.0199e+06,  3.4522e+06,\n",
      "         -2.9052e+06,  5.2470e+05, -5.2516e+04,  3.1145e+03, -8.4250e+01],\n",
      "        [ 1.1200e+03, -2.0580e+04,  2.0867e+05, -1.3667e+06,  2.5794e+06,\n",
      "         -1.5126e+06,  1.1245e+05, -1.6261e+03, -1.1925e+02,  5.0000e+00],\n",
      "        [-9.4362e+02,  3.3921e+04, -6.1987e+05,  6.3122e+06, -1.4813e+07,\n",
      "          1.0309e+07, -1.3100e+06,  9.2618e+04, -4.1509e+03,  9.3375e+01],\n",
      "        [ 1.4042e+03, -5.0826e+04,  8.8317e+05, -8.5777e+06,  1.9666e+07,\n",
      "         -1.3447e+07,  1.6256e+06, -1.0529e+05,  4.1847e+03, -8.1750e+01],\n",
      "        [-1.7978e+03,  4.9081e+04, -7.1134e+05,  6.1886e+06, -1.3531e+07,\n",
      "          8.9395e+06, -9.8623e+05,  5.4829e+04, -1.7517e+03,  2.4781e+01],\n",
      "        [ 1.3378e+03, -2.8203e+04,  3.3948e+05, -2.6192e+06,  5.4238e+06,\n",
      "         -3.4408e+06,  3.3824e+05, -1.4931e+04,  2.8362e+02,  6.8750e-01],\n",
      "        [-5.7575e+02,  9.3911e+03, -9.4475e+04,  6.4844e+05, -1.2705e+06,\n",
      "          7.7190e+05, -6.6232e+04,  1.9857e+03,  1.8445e+01, -2.3125e+00],\n",
      "        [ 1.4228e+02, -1.6756e+03,  1.4003e+04, -8.6241e+04,  1.6031e+05,\n",
      "         -9.3303e+04,  6.8560e+03, -8.4114e+01, -1.1299e+01,  5.0391e-01],\n",
      "        [-1.8675e+01,  1.2390e+02, -8.3755e+02,  4.7008e+03, -8.3427e+03,\n",
      "          4.6655e+03, -2.8941e+02, -2.8248e+00,  9.6338e-01, -3.4912e-02],\n",
      "        [ 1.0000e+00,  1.2693e-07, -2.0354e-06,  1.9255e-05, -4.3848e-05,\n",
      "          2.9882e-05, -3.6025e-06,  2.3615e-07, -9.7866e-09,  2.0509e-10]],\n",
      "       dtype=torch.float64)\n",
      "B^T: tensor([[ 6.0877e+05,  1.6791e+06],\n",
      "        [-1.3170e+06, -3.4843e+06],\n",
      "        [-3.8179e+05, -3.0345e+06],\n",
      "        [ 3.7072e+06,  1.6474e+07],\n",
      "        [-4.7156e+06, -2.2085e+07],\n",
      "        [ 2.9582e+06,  1.5399e+07],\n",
      "        [-1.0513e+06, -6.2475e+06],\n",
      "        [ 2.1346e+05,  1.4772e+06],\n",
      "        [-2.2923e+04, -1.8763e+05],\n",
      "        [ 1.0122e+03,  9.7318e+03],\n",
      "        [-6.0000e+00,  2.9965e+01]], dtype=torch.float64)\n",
      "B: tensor([[ 6.0877e+05, -1.3170e+06, -3.8179e+05,  3.7072e+06, -4.7156e+06,\n",
      "          2.9582e+06, -1.0513e+06,  2.1346e+05, -2.2923e+04,  1.0122e+03,\n",
      "         -6.0000e+00],\n",
      "        [ 1.6791e+06, -3.4843e+06, -3.0345e+06,  1.6474e+07, -2.2085e+07,\n",
      "          1.5399e+07, -6.2475e+06,  1.4772e+06, -1.8763e+05,  9.7318e+03,\n",
      "          2.9965e+01]], dtype=torch.float64)\n",
      "Bezier: torch.Size([2, 11])\n",
      "tensor([[ 6.0881e+05, -1.3171e+06, -3.8172e+05,  3.7072e+06, -4.7156e+06,\n",
      "          2.9582e+06, -1.0513e+06,  2.1346e+05, -2.2923e+04,  1.0122e+03,\n",
      "         -6.0000e+00],\n",
      "        [ 1.6793e+06, -3.4850e+06, -3.0340e+06,  1.6473e+07, -2.2085e+07,\n",
      "          1.5399e+07, -6.2475e+06,  1.4772e+06, -1.8763e+05,  9.7318e+03,\n",
      "          2.9965e+01]], dtype=torch.float64)\n",
      "\n"
     ]
    }
   ],
   "source": [
    "f = NOISY(1)(poly(1, 1, 1))\n",
    "a4a = Assignment4A()\n",
    "t_s = time.time()\n",
    "a, b = -6, 6\n",
    "d = 10\n",
    "fit_func, bezier_curve, bezier_x_poly, bezier_y_poly, T, C, P, M = a4a.fit(f=f, a=a, b=b, d=d, maxtime=5)\n",
    "t_s = time.time() - t_s"
   ]
  },
  {
   "cell_type": "code",
   "execution_count": 8,
   "metadata": {
    "scrolled": false
   },
   "outputs": [
    {
     "name": "stdout",
     "output_type": "stream",
     "text": [
      "0.0, matched x=-6.0 with [-1.0275516981229089e-08, 0.7993180641361755, 0.9996157708210707], took -1.0275516981229089e-08\n",
      "0.05263157894736844, matched x=-5.368421052631579 with [0.0006329861021720077, 0.7987204612404252, 0.999650783817492], took 0.0006329861021720077\n",
      "0.10526315789473688, matched x=-4.7368421052631575 with [0.0012848848483966316, 0.16002948083294963, 0.1667272220227951, 0.7981136346952268, 0.9996857563773858], took 0.16002948083294963\n",
      "0.15789473684210523, matched x=-4.105263157894737 with [0.0019570929418265925, 0.13609602089727896, 0.20307830671662241, 0.7974972076274771, 0.9997206886113572], took 0.13609602089727896\n",
      "0.21052631578947367, matched x=-3.473684210526316 with [0.002651193303803835, 0.1263248538766957, 0.23629491379482287, 0.7968707779348277, 0.9997555806295224], took 0.23629491379482287\n",
      "0.2631578947368421, matched x=-2.8421052631578947 with [0.00336897673121152, 0.11912313707018025, 0.3559719498655901, 0.7962339158902859, 0.9997904325414729], took 0.3559719498655901\n",
      "0.3157894736842105, matched x=-2.210526315789474 with [0.004112481632578454, 0.11319142695043696, 0.3777629971454073, 0.7955861614472608, 0.9998252444563278], took 0.3777629971454073\n",
      "0.3684210526315789, matched x=-1.578947368421053 with [0.0048840440223695426, 0.10803594013792947, 0.3941653357587983, 0.7949270211998236, 0.9998600164828402], took 0.3941653357587983\n",
      "0.42105263157894735, matched x=-0.9473684210526319 with [0.005686361194421772, 0.10340689849694823, 0.40861129235747445, 0.7942559649430787, 0.9998947487291333], took 0.40861129235747445\n",
      "0.47368421052631576, matched x=-0.3157894736842106 with [0.006522573927749412, 0.09915697811321282, 0.4224140617574454, 0.7935724217650978, 0.9999294413030129], took 0.4224140617574454\n",
      "0.5263157894736842, matched x=0.3157894736842106 with [0.007396374248860824, 0.09519005273279817, 0.4365091576361906, 0.7928757755942405, 0.9999640943116592], took 0.4365091576361906\n",
      "0.5789473684210525, matched x=0.947368421052631 with [0.008312149147630604, 0.0914384776311272, 0.4521136242056637, 0.7921653601019734, 0.9999987078618949], took 0.4521136242056637\n",
      "0.631578947368421, matched x=1.5789473684210522 with [0.009275176032620208, 0.08785154732700393, 0.4724304769732399, 0.5420221523589391, 0.6025278613363706, 0.7914404528476225, 1.0000332820601183], took 0.6025278613363706\n",
      "0.6842105263157894, matched x=2.2105263157894726 with [0.010291894599854757, 0.08438896482835269, 0.6150272102915338, 0.7907002685221975, 1.0000678170121557], took 0.6150272102915338\n",
      "0.7368421052631579, matched x=2.842105263157894 with [0.011370294995359818, 0.08101675086041912, 0.6235690576454166, 0.7899439511138447, 1.0001023128234565], took 0.7899439511138447\n",
      "0.7894736842105262, matched x=3.473684210526315 with [0.012520489299960691, 0.07770435860569307, 0.630399870711438, 0.78917056478123, 1.0001367695989745], took 0.78917056478123\n",
      "0.8421052631578947, matched x=4.105263157894736 with [0.013755584331921741, 0.07442228969751542, 0.6362344395733263, 0.7883790831627036, 1.000171187443239], took 0.7883790831627036\n",
      "0.8947368421052632, matched x=4.7368421052631575 with [0.015093075394827158, 0.07113967683868601, 0.6414069519534705, 0.787568376783992, 1.0002055664602993], took 1.0002055664602993\n",
      "0.9473684210526315, matched x=5.368421052631579 with [0.016557198798787164, 0.06782121638073701, 0.646104833814596, 0.7867371981321738, 1.0002399067538288], took 1.0002399067538288\n",
      "1.0, matched x=6.0 with [0.018183195107567877, 0.06442239261883864, 0.6504455000256599, 0.7858841638511268, 1.000274208426992], took 1.000274208426992\n"
     ]
    },
    {
     "data": {
